{
 "cells": [
  {
   "cell_type": "code",
   "execution_count": 2,
   "metadata": {},
   "outputs": [],
   "source": [
    "import pandas as pd\n",
    "from scipy.spatial import distance_matrix\n",
    "data = [[1, 1], [2, 3], [3, 4], [4, 2], [8, 2], [8, 4], [9, 5]]\n",
    "ctys = ['a', 'b', 'c', 'd', 'e', 'f', 'g']\n",
    "df = pd.DataFrame(data, columns=['xcord', 'ycord'], index=ctys)"
   ]
  },
  {
   "cell_type": "code",
   "execution_count": 3,
   "metadata": {},
   "outputs": [
    {
     "data": {
      "text/html": [
       "<div>\n",
       "<style scoped>\n",
       "    .dataframe tbody tr th:only-of-type {\n",
       "        vertical-align: middle;\n",
       "    }\n",
       "\n",
       "    .dataframe tbody tr th {\n",
       "        vertical-align: top;\n",
       "    }\n",
       "\n",
       "    .dataframe thead th {\n",
       "        text-align: right;\n",
       "    }\n",
       "</style>\n",
       "<table border=\"1\" class=\"dataframe\">\n",
       "  <thead>\n",
       "    <tr style=\"text-align: right;\">\n",
       "      <th></th>\n",
       "      <th>a</th>\n",
       "      <th>b</th>\n",
       "      <th>c</th>\n",
       "      <th>d</th>\n",
       "      <th>e</th>\n",
       "      <th>f</th>\n",
       "      <th>g</th>\n",
       "    </tr>\n",
       "  </thead>\n",
       "  <tbody>\n",
       "    <tr>\n",
       "      <th>a</th>\n",
       "      <td>0.000000</td>\n",
       "      <td>2.236068</td>\n",
       "      <td>3.605551</td>\n",
       "      <td>3.162278</td>\n",
       "      <td>7.071068</td>\n",
       "      <td>7.615773</td>\n",
       "      <td>8.944272</td>\n",
       "    </tr>\n",
       "    <tr>\n",
       "      <th>b</th>\n",
       "      <td>2.236068</td>\n",
       "      <td>0.000000</td>\n",
       "      <td>1.414214</td>\n",
       "      <td>2.236068</td>\n",
       "      <td>6.082763</td>\n",
       "      <td>6.082763</td>\n",
       "      <td>7.280110</td>\n",
       "    </tr>\n",
       "    <tr>\n",
       "      <th>c</th>\n",
       "      <td>3.605551</td>\n",
       "      <td>1.414214</td>\n",
       "      <td>0.000000</td>\n",
       "      <td>2.236068</td>\n",
       "      <td>5.385165</td>\n",
       "      <td>5.000000</td>\n",
       "      <td>6.082763</td>\n",
       "    </tr>\n",
       "    <tr>\n",
       "      <th>d</th>\n",
       "      <td>3.162278</td>\n",
       "      <td>2.236068</td>\n",
       "      <td>2.236068</td>\n",
       "      <td>0.000000</td>\n",
       "      <td>4.000000</td>\n",
       "      <td>4.472136</td>\n",
       "      <td>5.830952</td>\n",
       "    </tr>\n",
       "    <tr>\n",
       "      <th>e</th>\n",
       "      <td>7.071068</td>\n",
       "      <td>6.082763</td>\n",
       "      <td>5.385165</td>\n",
       "      <td>4.000000</td>\n",
       "      <td>0.000000</td>\n",
       "      <td>2.000000</td>\n",
       "      <td>3.162278</td>\n",
       "    </tr>\n",
       "    <tr>\n",
       "      <th>f</th>\n",
       "      <td>7.615773</td>\n",
       "      <td>6.082763</td>\n",
       "      <td>5.000000</td>\n",
       "      <td>4.472136</td>\n",
       "      <td>2.000000</td>\n",
       "      <td>0.000000</td>\n",
       "      <td>1.414214</td>\n",
       "    </tr>\n",
       "    <tr>\n",
       "      <th>g</th>\n",
       "      <td>8.944272</td>\n",
       "      <td>7.280110</td>\n",
       "      <td>6.082763</td>\n",
       "      <td>5.830952</td>\n",
       "      <td>3.162278</td>\n",
       "      <td>1.414214</td>\n",
       "      <td>0.000000</td>\n",
       "    </tr>\n",
       "  </tbody>\n",
       "</table>\n",
       "</div>"
      ],
      "text/plain": [
       "          a         b         c         d         e         f         g\n",
       "a  0.000000  2.236068  3.605551  3.162278  7.071068  7.615773  8.944272\n",
       "b  2.236068  0.000000  1.414214  2.236068  6.082763  6.082763  7.280110\n",
       "c  3.605551  1.414214  0.000000  2.236068  5.385165  5.000000  6.082763\n",
       "d  3.162278  2.236068  2.236068  0.000000  4.000000  4.472136  5.830952\n",
       "e  7.071068  6.082763  5.385165  4.000000  0.000000  2.000000  3.162278\n",
       "f  7.615773  6.082763  5.000000  4.472136  2.000000  0.000000  1.414214\n",
       "g  8.944272  7.280110  6.082763  5.830952  3.162278  1.414214  0.000000"
      ]
     },
     "execution_count": 3,
     "metadata": {},
     "output_type": "execute_result"
    }
   ],
   "source": [
    "pd.DataFrame(distance_matrix(df.values, df.values), index=df.index, columns=df.index)"
   ]
  }
 ],
 "metadata": {
  "kernelspec": {
   "display_name": "Python 3",
   "language": "python",
   "name": "python3"
  },
  "language_info": {
   "codemirror_mode": {
    "name": "ipython",
    "version": 3
   },
   "file_extension": ".py",
   "mimetype": "text/x-python",
   "name": "python",
   "nbconvert_exporter": "python",
   "pygments_lexer": "ipython3",
   "version": "3.11.1"
  },
  "orig_nbformat": 4
 },
 "nbformat": 4,
 "nbformat_minor": 2
}
